d_0i: [
22.36
41.23
58.31
67.08
86.02
78.26

]

d_0j: [
45.04
46.82
37.06
14.09
32.74
32.28
32.19
35.62
25.69
34
41.85
51.28
53.21
58.9
51.61
28.16
43.14
14.86
42.28
17.71
42.56
49.04
48.73
55.03
27.54
36.22
44.39
30.37
38.49
54.36
37.99
59.36
31.1
51.24
38.75
36.77
39.7
35.69
39.63
49.89
74.3
85.93
86.52
87.75
81.42
97
92.95
85.41
65.09
92.66
77.07
86.75
74.39
75.19
84.73
87.76
89.54
83.74
79.01
95.11
90.1
96.5
92.35
85.41
97.97
83.09
79.24
89.44
85.9
75.22
74.94
76.4
77.61
87.57
71.31
79.56
77.64
76.3
90.56
85.56

]

r_i: [2.31 2.31, 2.31 2.31, 2.31 2.31]

d_ji: [
23.19	42.07	17.72	48	56.68	34.44
28.07	19.68	21.62	23.54	39.37	40.66
17.49	20.95	24.3	33.8	49.75	44.86
13.87	27.67	46.99	52.99	72.13	67.47
14.21	20.11	28.41	36.8	53.71	49.02
14.19	19.58	29.15	36.89	54.04	49.75
12.01	23.49	27.27	39.17	55.16	47.84
20.34	13.05	31.27	31.77	50.54	51.49
5.19	35.6	33.95	52.76	67.46	53.1
17.32	16.29	29.89	34.11	52.04	50.36
31.21	1.87	39.46	26.9	48.44	58.36
31.71	23.89	18.27	21.81	35.38	36.33
34.01	23.84	19.62	19.3	33.14	36.69
38.23	32.12	13.7	22.36	29.87	28.58
35.31	16.25	28.66	15.78	35.09	45.58
8.87	23.85	31.13	42.16	58.85	51.65
28.46	9.67	31.61	23.94	43.84	50.57
10.56	28.61	44.54	52.74	71.22	64.91
20.37	29.55	16.33	36.35	48.47	36.86
6.07	29.42	40.78	51.69	69.24	60.99
31.24	3.19	38.31	25.79	47.22	57.11
33.47	13.37	30.17	18.1	37.99	47.79
26.82	32.17	10.33	33.46	43.18	30.93
38.46	19.02	28.76	12.53	31.74	44.5
14.25	17.41	35.88	39.78	58.54	56.47
21.61	11.58	32.17	30.97	50.14	52.25
24.29	22.88	18.81	28.5	42.8	38.9
9.95	24.61	28.65	41.18	57.21	49.16
24.53	9.22	32.98	28.59	48.35	52.69
39.48	15.79	33.49	12.88	34.21	49.44
15.81	30.23	20.32	40.32	53.23	40.53
38.13	34.78	10.41	25.67	31.45	25.55
19.9	11.83	37.47	36.05	55.93	57.81
37.72	11.64	35.93	16.68	38.4	52.81
25.02	8.67	33.39	28.34	48.25	53.04
32.93	9.74	49.65	37.31	59.37	69.21
26.77	6.78	34.84	27.54	47.95	54.26
23.09	8.89	35.33	31.45	51.47	55.3
17.33	35.53	19.6	44.4	55.68	38.72
34.12	14.23	29.77	17.28	37.05	47.17
57.2	36.17	37.43	7.94	14.65	45.01
66.52	50.86	38.18	23.81	3.04	37.5
66.51	52.88	36.36	26.78	7.42	33.81
70.64	48.86	47.98	20.8	11.08	50.89
61.72	47.45	33.13	21.67	7.05	33.67
77.1	62.34	46.36	34.99	12.65	40.72
74.7	55.36	48.52	27.08	8.52	47.99
68.21	46.73	45.73	18.56	10.13	49.23
51.66	24.22	43.04	9.31	30.33	55.92
76.2	52.96	54.33	25.6	16.59	56.84
58.42	41.24	33.74	14.45	9	38.31
68.9	48.86	44.56	20.58	6.7	46.64
56.29	37.8	33.86	10.69	12.2	40.38
54.33	45.54	22.87	24.91	17.84	23.91
66.81	47.05	42.65	18.8	6.17	45.29
69.2	50.93	42.88	22.87	3.07	43.35
69.72	55.17	39.81	28.33	6.83	36.69
66.32	45.41	43.61	17.14	8.99	47.34
59.94	43.84	33.65	17.36	7.15	36.64
73.69	65.61	39.12	41.66	22.81	27.67
70.02	56.37	39.3	29.92	8.9	35.17
80.91	56.06	60.49	29.94	23.06	63.33
74.14	54.7	48.15	26.42	8.19	47.9
65.37	51.95	35.25	26.09	7.67	33.08
78.06	63.29	47.23	35.9	13.54	41.3
63.56	48.55	35.25	22.11	5.01	35.44
60.68	43.01	35.82	15.66	7	39.58
72.25	50.58	49.14	22.51	11.28	51.44
65.77	52.63	35.34	26.87	8.32	32.69
54.48	45.12	23.45	24.1	17.05	24.85
52.98	51.06	17.47	35	28.55	12.51
54.15	61.96	20.94	51.6	46.44	6.54
55.3	61.98	21.29	50.63	44.7	4.5
65.42	73.16	32.42	60.6	51.8	13.54
48.96	53.21	13.36	42.07	38.5	7.28
57.98	70.58	29.53	62.75	58.05	17.8
55.71	66.56	25.35	57.92	53.21	13.07
53.94	58.86	18.86	46.69	40.84	2.05
68.25	68.57	32.27	50.52	37.55	13.33
63.22	64.93	27.37	48.65	38	8.01

]

d_ij: [
23.19	28.07	17.49	13.87	14.21	14.19	12.01	20.34	5.19	17.32	31.21	31.71	34.01	38.23	35.31	8.87	28.46	10.56	20.37	6.07	31.24	33.47	26.82	38.46	14.25	21.61	24.29	9.95	24.53	39.48	15.81	38.13	19.9	37.72	25.02	32.93	26.77	23.09	17.33	34.12	57.2	66.52	66.51	70.64	61.72	77.1	74.7	68.21	51.66	76.2	58.42	68.9	56.29	54.33	66.81	69.2	69.72	66.32	59.94	73.69	70.02	80.91	74.14	65.37	78.06	63.56	60.68	72.25	65.77	54.48	52.98	54.15	55.3	65.42	48.96	57.98	55.71	53.94	68.25	63.22
42.07	19.68	20.95	27.67	20.11	19.58	23.49	13.05	35.6	16.29	1.87	23.89	23.84	32.12	16.25	23.85	9.67	28.61	29.55	29.42	3.19	13.37	32.17	19.02	17.41	11.58	22.88	24.61	9.22	15.79	30.23	34.78	11.83	11.64	8.67	9.74	6.78	8.89	35.53	14.23	36.17	50.86	52.88	48.86	47.45	62.34	55.36	46.73	24.22	52.96	41.24	48.86	37.8	45.54	47.05	50.93	55.17	45.41	43.84	65.61	56.37	56.06	54.7	51.95	63.29	48.55	43.01	50.58	52.63	45.12	51.06	61.96	61.98	73.16	53.21	70.58	66.56	58.86	68.57	64.93
17.72	21.62	24.3	46.99	28.41	29.15	27.27	31.27	33.95	29.89	39.46	18.27	19.62	13.7	28.66	31.13	31.61	44.54	16.33	40.78	38.31	30.17	10.33	28.76	35.88	32.17	18.81	28.65	32.98	33.49	20.32	10.41	37.47	35.93	33.39	49.65	34.84	35.33	19.6	29.77	37.43	38.18	36.36	47.98	33.13	46.36	48.52	45.73	43.04	54.33	33.74	44.56	33.86	22.87	42.65	42.88	39.81	43.61	33.65	39.12	39.3	60.49	48.15	35.25	47.23	35.25	35.82	49.14	35.34	23.45	17.47	20.94	21.29	32.42	13.36	29.53	25.35	18.86	32.27	27.37
48	23.54	33.8	52.99	36.8	36.89	39.17	31.77	52.76	34.11	26.9	21.81	19.3	22.36	15.78	42.16	23.94	52.74	36.35	51.69	25.79	18.1	33.46	12.53	39.78	30.97	28.5	41.18	28.59	12.88	40.32	25.67	36.05	16.68	28.34	37.31	27.54	31.45	44.4	17.28	7.94	23.81	26.78	20.8	21.67	34.99	27.08	18.56	9.31	25.6	14.45	20.58	10.69	24.91	18.8	22.87	28.33	17.14	17.36	41.66	29.92	29.94	26.42	26.09	35.9	22.11	15.66	22.51	26.87	24.1	35	51.6	50.63	60.6	42.07	62.75	57.92	46.69	50.52	48.65
56.68	39.37	49.75	72.13	53.71	54.04	55.16	50.54	67.46	52.04	48.44	35.38	33.14	29.87	35.09	58.85	43.84	71.22	48.47	69.24	47.22	37.99	43.18	31.74	58.54	50.14	42.8	57.21	48.35	34.21	53.23	31.45	55.93	38.4	48.25	59.37	47.95	51.47	55.68	37.05	14.65	3.04	7.42	11.08	7.05	12.65	8.52	10.13	30.33	16.59	9	6.7	12.2	17.84	6.17	3.07	6.83	8.99	7.15	22.81	8.9	23.06	8.19	7.67	13.54	5.01	7	11.28	8.32	17.05	28.55	46.44	44.7	51.8	38.5	58.05	53.21	40.84	37.55	38
34.44	40.66	44.86	67.47	49.02	49.75	47.84	51.49	53.1	50.36	58.36	36.33	36.69	28.58	45.58	51.65	50.57	64.91	36.86	60.99	57.11	47.79	30.93	44.5	56.47	52.25	38.9	49.16	52.69	49.44	40.53	25.55	57.81	52.81	53.04	69.21	54.26	55.3	38.72	47.17	45.01	37.5	33.81	50.89	33.67	40.72	47.99	49.23	55.92	56.84	38.31	46.64	40.38	23.91	45.29	43.35	36.69	47.34	36.64	27.67	35.17	63.33	47.9	33.08	41.3	35.44	39.58	51.44	32.69	24.85	12.51	6.54	4.5	13.54	7.28	17.8	13.07	2.05	13.33	8.01

]

w_p: [
23
19
19
]

Q_i: [
43500.00 43500.00 43500.00	43500.00 43500.00	43500.00

]

D_jp: [
6	6	10
8	3	3
8	3	4
6	7	5
8	8	6
5	7	8
7	1	7
5	4	9
7	7	4
5	4	10
3	2	3
2	4	7
1	4	3
6	7	4
1	1	6
7	2	5
2	2	7
10	1	10
9	4	6
4	5	5
9	5	3
5	10	2
7	5	2
4	7	4
8	7	8
3	7	3
7	4	9
4	4	3
10	5	3
7	5	6
5	2	7
10	6	5
8	5	9
10	5	5
10	4	7
9	7	2
8	8	7
6	8	8
7	8	6
10	4	7
10	6	7
6	5	2
9	4	4
4	10	3
2	3	2
8	9	4
6	6	1
3	4	2
7	8	3
9	2	5
3	5	2
2	6	6
6	6	8
3	2	7
4	6	8
6	9	2
7	4	3
6	7	1
8	2	2
8	3	6
6	3	5
7	6	2
10	10	8
9	7	3
9	9	7
2	7	4
3	8	1
4	8	8
9	1	4
9	2	10
10	6	9
6	1	8
4	9	9
7	4	7
5	5	9
6	4	3
7	4	6
6	7	8
9	5	3
4	1	10

]

I_p: [
2623
5405
1377

]

b_ij: [
1	1	1	1	1	1	1	1	1	1	1	1	1	1	1	1	1	1	1	1	1	1	1	1	1	1	1	1	1	1	1	1	1	1	1	1	1	1	1	1	1	1	1	1	1	1	1	1	1	1	1	1	1	1	1	1	1	1	1	1	1	1	1	1	1	1	1	1	1	1	1	1	1	1	1	1	1	1	1	1
1	1	1	1	1	1	1	1	1	1	1	1	1	1	1	1	1	1	1	1	1	1	1	1	1	1	1	1	1	1	1	1	1	1	1	1	1	1	1	1	1	1	1	1	1	1	1	1	1	1	1	1	1	1	1	1	1	1	1	1	1	1	1	1	1	1	1	1	1	1	1	1	1	1	1	1	1	1	1	1
1	1	1	1	1	1	1	1	1	1	1	1	1	1	1	1	1	1	1	1	1	1	1	1	1	1	1	1	1	1	1	1	1	1	1	1	1	1	1	1	1	1	1	1	1	1	1	1	1	1	1	1	1	1	1	1	1	1	1	1	1	1	1	1	1	1	1	1	1	1	1	1	1	1	1	1	1	1	1	1
1	1	1	1	1	1	1	1	1	1	1	1	1	1	1	1	1	1	1	1	1	1	1	1	1	1	1	1	1	1	1	1	1	1	1	1	1	1	1	1	1	1	1	1	1	1	1	1	1	1	1	1	1	1	1	1	1	1	1	1	1	1	1	1	1	1	1	1	1	1	1	1	1	1	1	1	1	1	1	1
1	1	1	1	1	1	1	1	1	1	1	1	1	1	1	1	1	1	1	1	1	1	1	1	1	1	1	1	1	1	1	1	1	1	1	1	1	1	1	1	1	1	1	1	1	1	1	1	1	1	1	1	1	1	1	1	1	1	1	1	1	1	1	1	1	1	1	1	1	1	1	1	1	1	1	1	1	1	1	1
1	1	1	1	1	1	1	1	1	1	1	1	1	1	1	1	1	1	1	1	1	1	1	1	1	1	1	1	1	1	1	1	1	1	1	1	1	1	1	1	1	1	1	1	1	1	1	1	1	1	1	1	1	1	1	1	1	1	1	1	1	1	1	1	1	1	1	1	1	1	1	1	1	1	1	1	1	1	1	1
]

k_j: [
0
0
0
0
0
0
0
0
0
0
0
0
0
0
0
0
0
0
0
0
0
0
0
0
0
0
0
0
0
0
0
1
0
0
0
0
0
0
0
0
0
0
0
0
0
0
0
0
1
0
0
0
0
1
0
0
0
0
0
1
0
0
0
1
0
0
1
0
0
0
0
0
0
0
0
0
0
0
0
0

]